[Homework06_1]

selection_sort_stable을 구현하여라.
조건 1) main에 주어진 data_id, data_score 정렬하여라.

예제 출력
========
Input data
1        30
2        25
3        10
4        20
5        80
6        30
7        25
8        10

Sorted data
3        10
8        10
4        20
2        25
7        25
1        30
6        30
5        80

[Homework06_2]

Radix sort를 구현하여라
조건 1) 이때 구현 방식을 queue가 아닌 counting sorting의 방법을 이용하여라.
조건 2) 각각의 자리수를  LSD에서 MSD로 sorting하라.
조건 3) 0부터 9999까지의 범위를 가진 1000개의 정수를 생성하고, 랜덤하게 sort한다.

예제 출력
========
42 :0 0 4 2
8468 :8 4 6 8
6335 :6 3 3 5
6501 :6 5 0 1
9170 :9 1 7 0
5725 :5 7 2 5
1479 :1 4 7 9
9359 :9 3 5 9
6963 :6 9 6 3
4465 :4 4 6 5
5706 :5 7 0 6
8146 :8 1 4 6
3282 :3 2 8 2
6828 :6 8 2 8
9962 :9 9 6 2
492 :0 4 9 2
2996 :2 9 9 6
1943 :1 9 4 3
4828 :4 8 2 8
5437 :5 4 3 7
2392 :2 3 9 2
4605 :4 6 0 5
3903 :3 9 0 3
154 :0 1 5 4
293 :0 2 9 3
2383 :2 3 8 3
7422 :7 4 2 2
8717 :8 7 1 7
9719 :9 7 1 9
9896 :9 8 9 6
5448 :5 4 4 8
1727 :1 7 2 7
4772 :4 7 7 2
1539 :1 5 3 9
1870 :1 8 7 0
9913 :9 9 1 3
5668 :5 6 6 8
6300 :6 3 0 0
7036 :7 0 3 6
9895 :9 8 9 5
8704 :8 7 0 4
3812 :3 8 1 2
1323 :1 3 2 3
334 :0 3 3 4
7674 :7 6 7 4
4665 :4 6 6 5
5142 :5 1 4 2
7712 :7 7 1 2
8254 :8 2 5 4
6869 :6 8 6 9
5548 :5 5 4 8
7645 :7 6 4 5
2663 :2 6 6 3
2758 :2 7 5 8
38 :0 0 3 8
2860 :2 8 6 0
8724 :8 7 2 4
9742 :9 7 4 2
7530 :7 5 3 0
779 :0 7 7 9
2317 :2 3 1 7
3036 :3 0 3 6
2191 :2 1 9 1
1843 :1 8 4 3
289 :0 2 8 9
107 :0 1 0 7
9041 :9 0 4 1
8943 :8 9 4 3
9265 :9 2 6 5
2649 :2 6 4 9
7447 :7 4 4 7
3806 :3 8 0 6
5891 :5 8 9 1
6730 :6 7 3 0
4371 :4 3 7 1
5351 :5 3 5 1
5007 :5 0 0 7
1102 :1 1 0 2
4394 :4 3 9 4
3549 :3 5 4 9
9630 :9 6 3 0
2624 :2 6 2 4
4085 :4 0 8 5
9955 :9 9 5 5
8757 :8 7 5 7
1841 :1 8 4 1
4967 :4 9 6 7
7377 :7 3 7 7
3932 :3 9 3 2
6309 :6 3 0 9
6945 :6 9 4 5
2440 :2 4 4 0
4627 :4 6 2 7
1324 :1 3 2 4
5538 :5 5 3 8
1539 :1 5 3 9
6119 :6 1 1 9
2083 :2 0 8 3
2930 :2 9 3 0
6542 :6 5 4 2
4834 :4 8 3 4
1116 :1 1 1 6
4640 :4 6 4 0
9659 :9 6 5 9
2705 :2 7 0 5
9931 :9 9 3 1
3978 :3 9 7 8
2307 :2 3 0 7
1674 :1 6 7 4
2387 :2 3 8 7
5022 :5 0 2 2
8746 :8 7 4 6
6925 :6 9 2 5
9073 :9 0 7 3
6271 :6 2 7 1
5830 :5 8 3 0
6778 :6 7 7 8
5574 :5 5 7 4
5098 :5 0 9 8
6513 :6 5 1 3
3987 :3 9 8 7
3291 :3 2 9 1
9162 :9 1 6 2
8637 :8 6 3 7
2356 :2 3 5 6
4768 :4 7 6 8
3656 :3 6 5 6
5575 :5 5 7 5
4032 :4 0 3 2
2053 :2 0 5 3
7351 :7 3 5 1
1151 :1 1 5 1
6942 :6 9 4 2
1725 :1 7 2 5
3967 :3 9 6 7
3431 :3 4 3 1
1108 :1 1 0 8
192 :0 1 9 2
8008 :8 0 0 8
1338 :1 3 3 8
5458 :5 4 5 8
2288 :2 2 8 8
7754 :7 7 5 4
384 :0 3 8 4
4946 :4 9 4 6
8910 :8 9 1 0
2210 :2 2 1 0
9759 :9 7 5 9
4222 :4 2 2 2
8589 :8 5 8 9
6423 :6 4 2 3
4947 :4 9 4 7
7507 :7 5 0 7
3031 :3 0 3 1
6414 :6 4 1 4
9169 :9 1 6 9
901 :0 9 0 1
2592 :2 5 9 2
8763 :8 7 6 3
1656 :1 6 5 6
7411 :7 4 1 1
6360 :6 3 6 0
7625 :7 6 2 5
538 :0 5 3 8
1549 :1 5 4 9
6484 :6 4 8 4
7596 :7 5 9 6
4042 :4 0 4 2
3603 :3 6 0 3
4351 :4 3 5 1
292 :0 2 9 2
837 :0 8 3 7
9375 :9 3 7 5
1021 :1 0 2 1
4597 :4 5 9 7
4022 :4 0 2 2
7349 :7 3 4 9
3200 :3 2 0 0
9669 :9 6 6 9
4485 :4 4 8 5
8282 :8 2 8 2
4735 :4 7 3 5
54 :0 0 5 4
2000 :2 0 0 0
6419 :6 4 1 9
7939 :7 9 3 9
6901 :6 9 0 1
3789 :3 7 8 9
8128 :8 1 2 8
468 :0 4 6 8
3729 :3 7 2 9
4894 :4 8 9 4
4649 :4 6 4 9
2484 :2 4 8 4
7808 :7 8 0 8
2422 :2 4 2 2
4311 :4 3 1 1
6618 :6 6 1 8
2814 :2 8 1 4
9515 :9 5 1 5
4310 :4 3 1 0
7617 :7 6 1 7
8936 :8 9 3 6
7452 :7 4 5 2
601 :0 6 0 1
5250 :5 2 5 0
6520 :6 5 2 0
1557 :1 5 5 7
2799 :2 7 9 9
304 :0 3 0 4
6225 :6 2 2 5
1009 :1 0 0 9
5845 :5 8 4 5
2610 :2 6 1 0
4990 :4 9 9 0
2703 :2 7 0 3
3196 :3 1 9 6
486 :0 4 8 6
3094 :3 0 9 4
4344 :4 3 4 4
524 :0 5 2 4
1588 :1 5 8 8
9315 :9 3 1 5
9504 :9 5 0 4
7449 :7 4 4 9
5201 :5 2 0 1
3459 :3 4 5 9
6619 :6 6 1 9
581 :0 5 8 1
9797 :9 7 9 7
4799 :4 7 9 9
5282 :5 2 8 2
9590 :9 5 9 0
799 :0 7 9 9
8010 :8 0 1 0
7158 :7 1 5 8
473 :0 4 7 3
3623 :3 6 2 3
8539 :8 5 3 9
2293 :2 2 9 3
6039 :6 0 3 9
4180 :4 1 8 0
8191 :8 1 9 1
9658 :9 6 5 8
7959 :7 9 5 9
6192 :6 1 9 2
9816 :9 8 1 6
2889 :2 8 8 9
9157 :9 1 5 7
1512 :1 5 1 2
6203 :6 2 0 3
2635 :2 6 3 5
4273 :4 2 7 3
56 :0 0 5 6
329 :0 3 2 9
2647 :2 6 4 7
6363 :6 3 6 3
4887 :4 8 8 7
8876 :8 8 7 6
8434 :8 4 3 4
9870 :9 8 7 0
143 :0 1 4 3
3845 :3 8 4 5
1417 :1 4 1 7
1882 :1 8 8 2
1999 :1 9 9 9
323 :0 3 2 3
8652 :8 6 5 2
22 :0 0 2 2
5700 :5 7 0 0
3558 :3 5 5 8
8477 :8 4 7 7
7893 :7 8 9 3
4390 :4 3 9 0
5076 :5 0 7 6
713 :0 7 1 3
2601 :2 6 0 1
2511 :2 5 1 1
1004 :1 0 0 4
6870 :6 8 7 0
7862 :7 8 6 2
4689 :4 6 8 9
3402 :3 4 0 2
9790 :9 7 9 0
5256 :5 2 5 6
6424 :6 4 2 4
5003 :5 0 0 3
586 :0 5 8 6
4183 :4 1 8 3
286 :0 2 8 6
7089 :7 0 8 9
1427 :1 4 2 7
8618 :8 6 1 8
3758 :3 7 5 8
9833 :9 8 3 3
933 :0 9 3 3
4170 :4 1 7 0
2155 :2 1 5 5
5722 :5 7 2 2
7190 :7 1 9 0
9977 :9 9 7 7
1330 :1 3 3 0
2369 :2 3 6 9
8693 :8 6 9 3
1426 :1 4 2 6
556 :0 5 5 6
3435 :3 4 3 5
6550 :6 5 5 0
7442 :7 4 4 2
9513 :9 5 1 3
146 :0 1 4 6
8061 :8 0 6 1
1719 :1 7 1 9
3754 :3 7 5 4
6140 :6 1 4 0
2424 :2 4 2 4
6280 :6 2 8 0
5997 :5 9 9 7
6688 :6 6 8 8
2530 :2 5 3 0
2550 :2 5 5 0
7438 :7 4 3 8
9867 :9 8 6 7
2950 :2 9 5 0
194 :0 1 9 4
3196 :3 1 9 6
3298 :3 2 9 8
417 :0 4 1 7
8287 :8 2 8 7
6106 :6 1 0 6
4489 :4 4 8 9
6283 :6 2 8 3
2456 :2 4 5 6
5735 :5 7 3 5
8115 :8 1 1 5
1702 :1 7 0 2
1317 :1 3 1 7
672 :0 6 7 2
5787 :5 7 8 7
2264 :2 2 6 4
4314 :4 3 1 4
4356 :4 3 5 6
1186 :1 1 8 6
54 :0 0 5 4
913 :0 9 1 3
809 :0 8 0 9
1833 :1 8 3 3
946 :0 9 4 6
4314 :4 3 1 4
7757 :7 7 5 7
8322 :8 3 2 2
9559 :9 5 5 9
3647 :3 6 4 7
7983 :7 9 8 3
482 :0 4 8 2
4145 :4 1 4 5
3197 :3 1 9 7
223 :0 2 2 3
7130 :7 1 3 0
2162 :2 1 6 2
5536 :5 5 3 6
451 :0 4 5 1
1174 :1 1 7 4
467 :0 4 6 7
2045 :2 0 4 5
1660 :1 6 6 0
6293 :6 2 9 3
6440 :6 4 4 0
7254 :7 2 5 4
25 :0 0 2 5
6155 :6 1 5 5
9511 :9 5 1 1
4746 :4 7 4 6
650 :0 6 5 0
3187 :3 1 8 7
8314 :8 3 1 4
4475 :4 4 7 5
8023 :8 0 2 3
2169 :2 1 6 9
4019 :4 0 1 9
8788 :8 7 8 8
9906 :9 9 0 6
7959 :7 9 5 9
7392 :7 3 9 2
203 :0 2 0 3
3626 :3 6 2 6
6478 :6 4 7 8
4415 :4 4 1 5
9315 :9 3 1 5
5825 :5 8 2 5
9335 :9 3 3 5
5875 :5 8 7 5
4373 :4 3 7 3
160 :0 1 6 0
1834 :1 8 3 4
8071 :8 0 7 1
7488 :7 4 8 8
8298 :8 2 9 8
7519 :7 5 1 9
8178 :8 1 7 8
7774 :7 7 7 4
2271 :2 2 7 1
1764 :1 7 6 4
2669 :2 6 6 9
7193 :7 1 9 3
3986 :3 9 8 6
3103 :3 1 0 3
8481 :8 4 8 1
9214 :9 2 1 4
7628 :7 6 2 8
4803 :4 8 0 3
4100 :4 1 0 0
528 :0 5 2 8
2626 :2 6 2 6
1544 :1 5 4 4
1925 :1 9 2 5
1024 :1 0 2 4
9973 :9 9 7 3
3062 :3 0 6 2
4182 :4 1 8 2
1004 :1 0 0 4
7433 :7 4 3 3
7506 :7 5 0 6
7594 :7 5 9 4
2726 :2 7 2 6
3032 :3 0 3 2
8493 :8 4 9 3
143 :0 1 4 3
7223 :7 2 2 3
1287 :1 2 8 7
3065 :3 0 6 5
7901 :7 9 0 1
9188 :9 1 8 8
8361 :8 3 6 1
2414 :2 4 1 4
975 :0 9 7 5
4271 :4 2 7 1
9171 :9 1 7 1
236 :0 2 3 6
834 :0 8 3 4
9712 :9 7 1 2
5761 :5 7 6 1
8897 :8 8 9 7
4668 :4 6 6 8
7286 :7 2 8 6
2551 :2 5 5 1
141 :0 1 4 1
3695 :3 6 9 5
2696 :2 6 9 6
1625 :1 6 2 5
8020 :8 0 2 0
2126 :2 1 2 6
6577 :6 5 7 7
1695 :1 6 9 5
2659 :2 6 5 9
6303 :6 3 0 3
7372 :7 3 7 2
2467 :2 4 6 7
4679 :4 6 7 9
2594 :2 5 9 4
3852 :3 8 5 2
5485 :5 4 8 5
1019 :1 0 1 9
8465 :8 4 6 5
1120 :1 1 2 0
3153 :3 1 5 3
2801 :2 8 0 1
8088 :8 0 8 8
1061 :1 0 6 1
1927 :1 9 2 7
9011 :9 0 1 1
4758 :4 7 5 8
2171 :2 1 7 1
316 :0 3 1 6
9577 :9 5 7 7
228 :0 2 2 8
2044 :2 0 4 4
2759 :2 7 5 9
7165 :7 1 6 5
5110 :5 1 1 0
7883 :7 8 8 3
7087 :7 0 8 7
9566 :9 5 6 6
3488 :3 4 8 8
9578 :9 5 7 8
4475 :4 4 7 5
2626 :2 6 2 6
5628 :5 6 2 8
5630 :5 6 3 0
1929 :1 9 2 9
5424 :5 4 2 4
8521 :8 5 2 1
6903 :6 9 0 3
4963 :4 9 6 3
124 :0 1 2 4
4597 :4 5 9 7
3738 :3 7 3 8
3262 :3 2 6 2
196 :0 1 9 6
2526 :2 5 2 6
1265 :1 2 6 5
8261 :8 2 6 1
6203 :6 2 0 3
8117 :8 1 1 7
5031 :5 0 3 1
327 :0 3 2 7
9012 :9 0 1 2
772 :0 7 7 2
6412 :6 4 1 2
5548 :5 5 4 8
1154 :1 1 5 4
1521 :1 5 2 1
9791 :9 7 9 1
4925 :4 9 2 5
189 :0 1 8 9
1764 :1 7 6 4
4941 :4 9 4 1
852 :0 8 5 2
8663 :8 6 6 3
3830 :3 8 3 0
901 :0 9 0 1
7714 :7 7 1 4
8959 :8 9 5 9
7579 :7 5 7 9
8366 :8 3 6 6
3008 :3 0 0 8
1478 :1 4 7 8
1201 :1 2 0 1
6059 :6 0 5 9
6440 :6 4 4 0
2304 :2 3 0 4
2761 :2 7 6 1
9358 :9 3 5 8
2325 :2 3 2 5
6478 :6 4 7 8
5109 :5 1 0 9
1114 :1 1 1 4
4888 :4 8 8 8
9802 :9 8 0 2
2851 :2 8 5 1
4461 :4 4 6 1
2429 :2 4 2 9
2994 :2 9 9 4
7385 :7 3 8 5
9406 :9 4 0 6
6541 :6 5 4 1
1112 :1 1 1 2
8705 :8 7 0 5
2836 :2 8 3 6
2357 :2 3 5 7
6073 :6 0 7 3
9351 :9 3 5 1
8824 :8 8 2 4
4486 :4 4 8 6
557 :0 5 5 7
3217 :3 2 1 7
1627 :1 6 2 7
9358 :9 3 5 8
8527 :8 5 2 7
3358 :3 3 5 8
9338 :9 3 3 8
3272 :3 2 7 2
3870 :3 8 7 0
9362 :9 3 6 2
2897 :2 8 9 7
3023 :3 0 2 3
9618 :9 6 1 8
113 :0 1 1 3
2718 :2 7 1 8
8697 :8 6 9 7
1586 :1 5 8 6
4042 :4 0 4 2
4424 :4 4 2 4
4130 :4 1 3 0
4230 :4 2 3 0
4566 :4 5 6 6
6560 :6 5 6 0
8933 :8 9 3 3
2297 :2 2 9 7
9856 :9 8 5 6
2054 :2 0 5 4
6963 :6 9 6 3
3585 :3 5 8 5
9735 :9 7 3 5
6655 :6 6 5 5
6973 :6 9 7 3
1458 :1 4 5 8
4370 :4 3 7 0
2533 :2 5 3 3
2964 :2 9 6 4
2608 :2 6 0 8
2484 :2 4 8 4
912 :0 9 1 2
1636 :1 6 3 6
68 :0 0 6 8
2849 :2 8 4 9
4676 :4 6 7 6
2939 :2 9 3 9
2224 :2 2 2 4
2143 :2 1 4 3
3755 :3 7 5 5
6512 :6 5 1 2
2742 :2 7 4 2
176 :0 1 7 6
1460 :1 4 6 0
7826 :7 8 2 6
3222 :3 2 2 2
7871 :7 8 7 1
1627 :1 6 2 7
1935 :1 9 3 5
5206 :5 2 0 6
1784 :1 7 8 4
3851 :3 8 5 1
7399 :7 3 9 9
2280 :2 2 8 0
2702 :2 7 0 2
2194 :2 1 9 4
2735 :2 7 3 5
1638 :1 6 3 8
6535 :6 5 3 5
5557 :5 5 5 7
1994 :1 9 9 4
177 :0 1 7 7
5706 :5 7 0 6
6963 :6 9 6 3
549 :0 5 4 9
5882 :5 8 8 2
301 :0 3 0 1
4414 :4 4 1 4
6642 :6 6 4 2
9856 :9 8 5 6
4856 :4 8 5 6
3143 :3 1 4 3
1463 :1 4 6 3
7612 :7 6 1 2
878 :0 8 7 8
425 :0 4 2 5
2679 :2 6 7 9
1753 :1 7 5 3
8444 :8 4 4 4
8297 :8 2 9 7
2674 :2 6 7 4
41 :0 0 4 1
9314 :9 3 1 4
876 :0 8 7 6
73 :0 0 7 3
2819 :2 8 1 9
611 :0 6 1 1
1018 :1 0 1 8
4933 :4 9 3 3
8113 :8 1 1 3
696 :0 6 9 6
3170 :3 1 7 0
3832 :3 8 3 2
41 :0 0 4 1
6489 :6 4 8 9
8686 :8 6 8 6
9091 :9 0 9 1
9498 :9 4 9 8
2590 :2 5 9 0
5991 :5 9 9 1
5146 :5 1 4 6
9354 :9 3 5 4
9315 :9 3 1 5
8652 :8 6 5 2
6741 :6 7 4 1
2045 :2 0 4 5
1259 :1 2 5 9
336 :0 3 3 6
8760 :8 7 6 0
1193 :1 1 9 3
7606 :7 6 0 6
5265 :5 2 6 5
2182 :2 1 8 2
8504 :8 5 0 4
3830 :3 8 3 0
3776 :3 7 7 6
609 :0 6 0 9
9293 :9 2 9 3
5998 :5 9 9 8
7550 :7 5 5 0
9557 :9 5 5 7
5562 :5 5 6 2
1628 :1 6 2 8
6468 :6 4 6 8
9542 :9 5 4 2
6130 :6 1 3 0
1241 :1 2 4 1
7814 :7 8 1 4
9175 :9 1 7 5
602 :0 6 0 2
6078 :6 0 7 8
216 :0 2 1 6
8684 :8 6 8 4
8214 :8 2 1 4
3993 :3 9 9 3
5825 :5 8 2 5
5602 :5 6 0 2
3393 :3 3 9 3
5760 :5 7 6 0
2671 :2 6 7 1
6429 :6 4 2 9
8028 :8 0 2 8
4085 :4 0 8 5
76 :0 0 7 6
8787 :8 7 8 7
5499 :5 4 9 9
4971 :4 9 7 1
6288 :6 2 8 8
3848 :3 8 4 8
2605 :2 6 0 5
504 :0 5 0 4
1222 :1 2 2 2
2664 :2 6 6 4
5707 :5 7 0 7
2364 :2 3 6 4
9011 :9 0 1 1
2172 :2 1 7 2
7490 :7 4 9 0
8241 :8 2 4 1
2165 :2 1 6 5
5543 :5 5 4 3
7620 :7 6 2 0
914 :0 9 1 4
7592 :7 5 9 2
6705 :6 7 0 5
1819 :1 8 1 9
9233 :9 2 3 3
751 :0 7 5 1
5206 :5 2 0 6
4976 :4 9 7 6
1540 :1 5 4 0
304 :0 3 0 4
1423 :1 4 2 3
1099 :1 0 9 9
1248 :1 2 4 8
3585 :3 5 8 5
3649 :3 6 4 9
2972 :2 9 7 2
7865 :7 8 6 5
2914 :2 9 1 4
1076 :1 0 7 6
1546 :1 5 4 6
8713 :8 7 1 3
7547 :7 5 4 7
8679 :8 6 7 9
1770 :1 7 7 0
5263 :5 2 6 3
8520 :8 5 2 0
3986 :3 9 8 6
8290 :8 2 9 0
5945 :5 9 4 5
2866 :2 8 6 6
8541 :8 5 4 1
3246 :3 2 4 6
5509 :5 5 0 9
8319 :8 3 1 9
7871 :7 8 7 1
9602 :9 6 0 2
8324 :8 3 2 4
1133 :1 1 3 3
4473 :4 4 7 3
7153 :7 1 5 3
5088 :5 0 8 8
8571 :8 5 7 1
9764 :9 7 6 4
9902 :9 9 0 2
7104 :7 1 0 4
4424 :4 4 2 4
3528 :3 5 2 8
1601 :1 6 0 1
6970 :6 9 7 0
4016 :4 0 1 6
5566 :5 5 6 6
29 :0 0 2 9
1544 :1 5 4 4
5348 :5 3 4 8
2089 :2 0 8 9
2944 :2 9 4 4
2638 :2 6 3 8
2410 :2 4 1 0
6464 :6 4 6 4
5050 :5 0 5 0
4682 :4 6 8 2
1589 :1 5 8 9
1343 :1 3 4 3
609 :0 6 0 9
2061 :2 0 6 1
1222 :1 2 2 2
1759 :1 7 5 9
9955 :9 9 5 5
889 :0 8 8 9
4147 :4 1 4 7
691 :0 6 9 1
7950 :7 9 5 0
2844 :2 8 4 4
1431 :1 4 3 1
5621 :5 6 2 1
749 :0 7 4 9
7068 :7 0 6 8
4537 :4 5 3 7
784 :0 7 8 4
8036 :8 0 3 6
2227 :2 2 2 7
5186 :5 1 8 6
7039 :7 0 3 9
9854 :9 8 5 4
5630 :5 6 3 0
1225 :1 2 2 5
5749 :5 7 4 9
9924 :9 9 2 4
3360 :3 3 6 0
2258 :2 2 5 8
4767 :4 7 6 7
4945 :4 9 4 5
4956 :4 9 5 6
3319 :3 3 1 9
2727 :2 7 2 7
5412 :5 4 1 2
1026 :1 0 2 6
356 :0 3 5 6
1002 :1 0 0 2
2550 :2 5 5 0
9497 :9 4 9 7
8585 :8 5 8 5
9516 :9 5 1 6
7965 :7 9 6 5
3343 :3 3 4 3
8076 :8 0 7 6
7914 :7 9 1 4
6143 :6 1 4 3
1197 :1 1 9 7
1949 :1 9 4 9
5073 :5 0 7 3
427 :0 4 2 7
4607 :4 6 0 7
6174 :6 1 7 4
4430 :4 4 3 0
2405 :2 4 0 5
6706 :6 7 0 6
627 :0 6 2 7
9813 :9 8 1 3
9376 :9 3 7 6
94 :0 0 9 4
6566 :6 5 6 6
6037 :6 0 3 7
4737 :4 7 3 7
9142 :9 1 4 2
815 :0 8 1 5
5995 :5 9 9 5
8257 :8 2 5 7
6653 :6 6 5 3
3937 :3 9 3 7
839 :0 8 3 9
483 :0 4 8 3
1356 :1 3 5 6
1016 :1 0 1 6
1132 :1 1 3 2
8231 :8 2 3 1
7842 :7 8 4 2
4626 :4 6 2 6
2012 :2 0 1 2
2638 :2 6 3 8
4187 :4 1 8 7
9691 :9 6 9 1
1651 :1 6 5 1
5663 :5 6 6 3
1635 :1 6 3 5
894 :0 8 9 4
354 :0 3 5 4
1417 :1 4 1 7
3453 :3 4 5 3
4009 :4 0 0 9
7263 :7 2 6 3
2234 :2 2 3 4
5455 :5 4 5 5
6304 :6 3 0 4
6635 :6 6 3 5
6304 :6 3 0 4
4257 :4 2 5 7
149 :0 1 4 9
1125 :1 1 2 5
2318 :2 3 1 8
4214 :4 2 1 4
7110 :7 1 1 0
4029 :4 0 2 9
9201 :9 2 0 1
1081 :1 0 8 1
1319 :1 3 1 9
6859 :6 8 5 9
4051 :4 0 5 1
4156 :4 1 5 6
1362 :1 3 6 2
5265 :5 2 6 5
1904 :1 9 0 4
3677 :3 6 7 7
9644 :9 6 4 4
6910 :6 9 1 0
4903 :4 9 0 3
3562 :3 5 6 2
8490 :8 4 9 0
4949 :4 9 4 9
1283 :1 2 8 3
3654 :3 6 5 4
675 :0 6 7 5
2221 :2 2 2 1
5403 :5 4 0 3
6924 :6 9 2 4
3832 :3 8 3 2
9370 :9 3 7 0
3879 :3 8 7 9
260 :0 2 6 0
9009 :9 0 0 9
2620 :2 6 2 0
3972 :3 9 7 2
4 :0 0 0 4
1946 :1 9 4 6
9782 :9 7 8 2
6505 :6 5 0 5
2393 :2 3 9 3
2686 :2 6 8 6
5314 :5 3 1 4
6699 :6 6 9 9
5590 :5 5 9 0
2723 :2 7 2 3
5939 :5 9 3 9
9038 :9 0 3 8
6411 :6 4 1 1
1462 :1 4 6 2
6235 :6 2 3 5
2509 :2 5 0 9
9962 :9 9 6 2
3960 :3 9 6 0
6494 :6 4 9 4
1516 :1 5 1 6
5270 :5 2 7 0
4938 :4 9 3 8
8870 :8 8 7 0
59 :0 0 5 9
4701 :4 7 0 1
3972 :3 9 7 2
6265 :6 2 6 5
5118 :5 1 1 8
6216 :6 2 1 6
4556 :4 5 5 6
7816 :7 8 1 6
8331 :8 3 3 1
3040 :3 0 4 0
213 :0 2 1 3
9289 :9 2 8 9
8083 :8 0 8 3
1955 :1 9 5 5
6086 :6 0 8 6
711 :0 7 1 1
4485 :4 4 8 5
4775 :4 7 7 5
8381 :8 3 8 1
9816 :9 8 1 6
5952 :5 9 5 2
6542 :6 5 4 2
8116 :8 1 1 6
1680 :1 6 8 0
7111 :7 1 1 1
5899 :5 8 9 9
3074 :3 0 7 4
789 :0 7 8 9
3978 :3 9 7 8
8133 :8 1 3 3
9957 :9 9 5 7
8690 :8 6 9 0
6114 :6 1 1 4
9 :0 0 0 9
2942 :2 9 4 2
5791 :5 7 9 1
1724 :1 7 2 4
1364 :1 3 6 4
29 :0 0 2 9
5185 :5 1 8 5
4779 :4 7 7 9
7201 :7 2 0 1
5072 :5 0 7 2
1886 :1 8 8 6
1975 :1 9 7 5
1072 :1 0 7 2
1334 :1 3 3 4
2868 :2 8 6 8
6154 :6 1 5 4
4296 :4 2 9 6
2169 :2 1 6 9
826 :0 8 2 6
9677 :9 6 7 7
5630 :5 6 3 0
8651 :8 6 5 1
2599 :2 5 9 9
3310 :3 3 1 0
4694 :4 6 9 4
4687 :4 6 8 7
81 :0 0 8 1
117 :0 1 1 7
2250 :2 2 5 0
====
===
4 :0 0 0 4
9 :0 0 0 9
22 :0 0 2 2
25 :0 0 2 5
29 :0 0 2 9
29 :0 0 2 9
38 :0 0 3 8
41 :0 0 4 1
41 :0 0 4 1
42 :0 0 4 2
54 :0 0 5 4
54 :0 0 5 4
56 :0 0 5 6
59 :0 0 5 9
68 :0 0 6 8
73 :0 0 7 3
76 :0 0 7 6
81 :0 0 8 1
94 :0 0 9 4
107 :0 1 0 7
113 :0 1 1 3
117 :0 1 1 7
124 :0 1 2 4
141 :0 1 4 1
143 :0 1 4 3
143 :0 1 4 3
146 :0 1 4 6
149 :0 1 4 9
154 :0 1 5 4
160 :0 1 6 0
176 :0 1 7 6
177 :0 1 7 7
189 :0 1 8 9
192 :0 1 9 2
194 :0 1 9 4
196 :0 1 9 6
203 :0 2 0 3
213 :0 2 1 3
216 :0 2 1 6
223 :0 2 2 3
228 :0 2 2 8
236 :0 2 3 6
260 :0 2 6 0
286 :0 2 8 6
289 :0 2 8 9
292 :0 2 9 2
293 :0 2 9 3
301 :0 3 0 1
304 :0 3 0 4
304 :0 3 0 4
316 :0 3 1 6
323 :0 3 2 3
327 :0 3 2 7
329 :0 3 2 9
334 :0 3 3 4
336 :0 3 3 6
354 :0 3 5 4
356 :0 3 5 6
384 :0 3 8 4
417 :0 4 1 7
425 :0 4 2 5
427 :0 4 2 7
451 :0 4 5 1
467 :0 4 6 7
468 :0 4 6 8
473 :0 4 7 3
482 :0 4 8 2
483 :0 4 8 3
486 :0 4 8 6
492 :0 4 9 2
504 :0 5 0 4
524 :0 5 2 4
528 :0 5 2 8
538 :0 5 3 8
549 :0 5 4 9
556 :0 5 5 6
557 :0 5 5 7
581 :0 5 8 1
586 :0 5 8 6
601 :0 6 0 1
602 :0 6 0 2
609 :0 6 0 9
609 :0 6 0 9
611 :0 6 1 1
627 :0 6 2 7
650 :0 6 5 0
672 :0 6 7 2
675 :0 6 7 5
691 :0 6 9 1
696 :0 6 9 6
711 :0 7 1 1
713 :0 7 1 3
749 :0 7 4 9
751 :0 7 5 1
772 :0 7 7 2
779 :0 7 7 9
784 :0 7 8 4
789 :0 7 8 9
799 :0 7 9 9
809 :0 8 0 9
815 :0 8 1 5
826 :0 8 2 6
834 :0 8 3 4
837 :0 8 3 7
839 :0 8 3 9
852 :0 8 5 2
876 :0 8 7 6
878 :0 8 7 8
889 :0 8 8 9
894 :0 8 9 4
901 :0 9 0 1
901 :0 9 0 1
912 :0 9 1 2
913 :0 9 1 3
914 :0 9 1 4
933 :0 9 3 3
946 :0 9 4 6
975 :0 9 7 5
1002 :1 0 0 2
1004 :1 0 0 4
1004 :1 0 0 4
1009 :1 0 0 9
1016 :1 0 1 6
1018 :1 0 1 8
1019 :1 0 1 9
1021 :1 0 2 1
1024 :1 0 2 4
1026 :1 0 2 6
1061 :1 0 6 1
1072 :1 0 7 2
1076 :1 0 7 6
1081 :1 0 8 1
1099 :1 0 9 9
1102 :1 1 0 2
1108 :1 1 0 8
1112 :1 1 1 2
1114 :1 1 1 4
1116 :1 1 1 6
1120 :1 1 2 0
1125 :1 1 2 5
1132 :1 1 3 2
1133 :1 1 3 3
1151 :1 1 5 1
1154 :1 1 5 4
1174 :1 1 7 4
1186 :1 1 8 6
1193 :1 1 9 3
1197 :1 1 9 7
1201 :1 2 0 1
1222 :1 2 2 2
1222 :1 2 2 2
1225 :1 2 2 5
1241 :1 2 4 1
1248 :1 2 4 8
1259 :1 2 5 9
1265 :1 2 6 5
1283 :1 2 8 3
1287 :1 2 8 7
1317 :1 3 1 7
1319 :1 3 1 9
1323 :1 3 2 3
1324 :1 3 2 4
1330 :1 3 3 0
1334 :1 3 3 4
1338 :1 3 3 8
1343 :1 3 4 3
1356 :1 3 5 6
1362 :1 3 6 2
1364 :1 3 6 4
1417 :1 4 1 7
1417 :1 4 1 7
1423 :1 4 2 3
1426 :1 4 2 6
1427 :1 4 2 7
1431 :1 4 3 1
1458 :1 4 5 8
1460 :1 4 6 0
1462 :1 4 6 2
1463 :1 4 6 3
1478 :1 4 7 8
1479 :1 4 7 9
1512 :1 5 1 2
1516 :1 5 1 6
1521 :1 5 2 1
1539 :1 5 3 9
1539 :1 5 3 9
1540 :1 5 4 0
1544 :1 5 4 4
1544 :1 5 4 4
1546 :1 5 4 6
1549 :1 5 4 9
1557 :1 5 5 7
1586 :1 5 8 6
1588 :1 5 8 8
1589 :1 5 8 9
1601 :1 6 0 1
1625 :1 6 2 5
1627 :1 6 2 7
1627 :1 6 2 7
1628 :1 6 2 8
1635 :1 6 3 5
1636 :1 6 3 6
1638 :1 6 3 8
1651 :1 6 5 1
1656 :1 6 5 6
1660 :1 6 6 0
1674 :1 6 7 4
1680 :1 6 8 0
1695 :1 6 9 5
1702 :1 7 0 2
1719 :1 7 1 9
1724 :1 7 2 4
1725 :1 7 2 5
1727 :1 7 2 7
1753 :1 7 5 3
1759 :1 7 5 9
1764 :1 7 6 4
1764 :1 7 6 4
1770 :1 7 7 0
1784 :1 7 8 4
1819 :1 8 1 9
1833 :1 8 3 3
1834 :1 8 3 4
1841 :1 8 4 1
1843 :1 8 4 3
1870 :1 8 7 0
1882 :1 8 8 2
1886 :1 8 8 6
1904 :1 9 0 4
1925 :1 9 2 5
1927 :1 9 2 7
1929 :1 9 2 9
1935 :1 9 3 5
1943 :1 9 4 3
1946 :1 9 4 6
1949 :1 9 4 9
1955 :1 9 5 5
1975 :1 9 7 5
1994 :1 9 9 4
1999 :1 9 9 9
2000 :2 0 0 0
2012 :2 0 1 2
2044 :2 0 4 4
2045 :2 0 4 5
2045 :2 0 4 5
2053 :2 0 5 3
2054 :2 0 5 4
2061 :2 0 6 1
2083 :2 0 8 3
2089 :2 0 8 9
2126 :2 1 2 6
2143 :2 1 4 3
2155 :2 1 5 5
2162 :2 1 6 2
2165 :2 1 6 5
2169 :2 1 6 9
2169 :2 1 6 9
2171 :2 1 7 1
2172 :2 1 7 2
2182 :2 1 8 2
2191 :2 1 9 1
2194 :2 1 9 4
2210 :2 2 1 0
2221 :2 2 2 1
2224 :2 2 2 4
2227 :2 2 2 7
2234 :2 2 3 4
2250 :2 2 5 0
2258 :2 2 5 8
2264 :2 2 6 4
2271 :2 2 7 1
2280 :2 2 8 0
2288 :2 2 8 8
2293 :2 2 9 3
2297 :2 2 9 7
2304 :2 3 0 4
2307 :2 3 0 7
2317 :2 3 1 7
2318 :2 3 1 8
2325 :2 3 2 5
2356 :2 3 5 6
2357 :2 3 5 7
2364 :2 3 6 4
2369 :2 3 6 9
2383 :2 3 8 3
2387 :2 3 8 7
2392 :2 3 9 2
2393 :2 3 9 3
2405 :2 4 0 5
2410 :2 4 1 0
2414 :2 4 1 4
2422 :2 4 2 2
2424 :2 4 2 4
2429 :2 4 2 9
2440 :2 4 4 0
2456 :2 4 5 6
2467 :2 4 6 7
2484 :2 4 8 4
2484 :2 4 8 4
2509 :2 5 0 9
2511 :2 5 1 1
2526 :2 5 2 6
2530 :2 5 3 0
2533 :2 5 3 3
2550 :2 5 5 0
2550 :2 5 5 0
2551 :2 5 5 1
2590 :2 5 9 0
2592 :2 5 9 2
2594 :2 5 9 4
2599 :2 5 9 9
2601 :2 6 0 1
2605 :2 6 0 5
2608 :2 6 0 8
2610 :2 6 1 0
2620 :2 6 2 0
2624 :2 6 2 4
2626 :2 6 2 6
2626 :2 6 2 6
2635 :2 6 3 5
2638 :2 6 3 8
2638 :2 6 3 8
2647 :2 6 4 7
2649 :2 6 4 9
2659 :2 6 5 9
2663 :2 6 6 3
2664 :2 6 6 4
2669 :2 6 6 9
2671 :2 6 7 1
2674 :2 6 7 4
2679 :2 6 7 9
2686 :2 6 8 6
2696 :2 6 9 6
2702 :2 7 0 2
2703 :2 7 0 3
2705 :2 7 0 5
2718 :2 7 1 8
2723 :2 7 2 3
2726 :2 7 2 6
2727 :2 7 2 7
2735 :2 7 3 5
2742 :2 7 4 2
2758 :2 7 5 8
2759 :2 7 5 9
2761 :2 7 6 1
2799 :2 7 9 9
2801 :2 8 0 1
2814 :2 8 1 4
2819 :2 8 1 9
2836 :2 8 3 6
2844 :2 8 4 4
2849 :2 8 4 9
2851 :2 8 5 1
2860 :2 8 6 0
2866 :2 8 6 6
2868 :2 8 6 8
2889 :2 8 8 9
2897 :2 8 9 7
2914 :2 9 1 4
2930 :2 9 3 0
2939 :2 9 3 9
2942 :2 9 4 2
2944 :2 9 4 4
2950 :2 9 5 0
2964 :2 9 6 4
2972 :2 9 7 2
2994 :2 9 9 4
2996 :2 9 9 6
3008 :3 0 0 8
3023 :3 0 2 3
3031 :3 0 3 1
3032 :3 0 3 2
3036 :3 0 3 6
3040 :3 0 4 0
3062 :3 0 6 2
3065 :3 0 6 5
3074 :3 0 7 4
3094 :3 0 9 4
3103 :3 1 0 3
3143 :3 1 4 3
3153 :3 1 5 3
3170 :3 1 7 0
3187 :3 1 8 7
3196 :3 1 9 6
3196 :3 1 9 6
3197 :3 1 9 7
3200 :3 2 0 0
3217 :3 2 1 7
3222 :3 2 2 2
3246 :3 2 4 6
3262 :3 2 6 2
3272 :3 2 7 2
3282 :3 2 8 2
3291 :3 2 9 1
3298 :3 2 9 8
3310 :3 3 1 0
3319 :3 3 1 9
3343 :3 3 4 3
3358 :3 3 5 8
3360 :3 3 6 0
3393 :3 3 9 3
3402 :3 4 0 2
3431 :3 4 3 1
3435 :3 4 3 5
3453 :3 4 5 3
3459 :3 4 5 9
3488 :3 4 8 8
3528 :3 5 2 8
3549 :3 5 4 9
3558 :3 5 5 8
3562 :3 5 6 2
3585 :3 5 8 5
3585 :3 5 8 5
3603 :3 6 0 3
3623 :3 6 2 3
3626 :3 6 2 6
3647 :3 6 4 7
3649 :3 6 4 9
3654 :3 6 5 4
3656 :3 6 5 6
3677 :3 6 7 7
3695 :3 6 9 5
3729 :3 7 2 9
3738 :3 7 3 8
3754 :3 7 5 4
3755 :3 7 5 5
3758 :3 7 5 8
3776 :3 7 7 6
3789 :3 7 8 9
3806 :3 8 0 6
3812 :3 8 1 2
3830 :3 8 3 0
3830 :3 8 3 0
3832 :3 8 3 2
3832 :3 8 3 2
3845 :3 8 4 5
3848 :3 8 4 8
3851 :3 8 5 1
3852 :3 8 5 2
3870 :3 8 7 0
3879 :3 8 7 9
3903 :3 9 0 3
3932 :3 9 3 2
3937 :3 9 3 7
3960 :3 9 6 0
3967 :3 9 6 7
3972 :3 9 7 2
3972 :3 9 7 2
3978 :3 9 7 8
3978 :3 9 7 8
3986 :3 9 8 6
3986 :3 9 8 6
3987 :3 9 8 7
3993 :3 9 9 3
4009 :4 0 0 9
4016 :4 0 1 6
4019 :4 0 1 9
4022 :4 0 2 2
4029 :4 0 2 9
4032 :4 0 3 2
4042 :4 0 4 2
4042 :4 0 4 2
4051 :4 0 5 1
4085 :4 0 8 5
4085 :4 0 8 5
4100 :4 1 0 0
4130 :4 1 3 0
4145 :4 1 4 5
4147 :4 1 4 7
4156 :4 1 5 6
4170 :4 1 7 0
4180 :4 1 8 0
4182 :4 1 8 2
4183 :4 1 8 3
4187 :4 1 8 7
4214 :4 2 1 4
4222 :4 2 2 2
4230 :4 2 3 0
4257 :4 2 5 7
4271 :4 2 7 1
4273 :4 2 7 3
4296 :4 2 9 6
4310 :4 3 1 0
4311 :4 3 1 1
4314 :4 3 1 4
4314 :4 3 1 4
4344 :4 3 4 4
4351 :4 3 5 1
4356 :4 3 5 6
4370 :4 3 7 0
4371 :4 3 7 1
4373 :4 3 7 3
4390 :4 3 9 0
4394 :4 3 9 4
4414 :4 4 1 4
4415 :4 4 1 5
4424 :4 4 2 4
4424 :4 4 2 4
4430 :4 4 3 0
4461 :4 4 6 1
4465 :4 4 6 5
4473 :4 4 7 3
4475 :4 4 7 5
4475 :4 4 7 5
4485 :4 4 8 5
4485 :4 4 8 5
4486 :4 4 8 6
4489 :4 4 8 9
4537 :4 5 3 7
4556 :4 5 5 6
4566 :4 5 6 6
4597 :4 5 9 7
4597 :4 5 9 7
4605 :4 6 0 5
4607 :4 6 0 7
4626 :4 6 2 6
4627 :4 6 2 7
4640 :4 6 4 0
4649 :4 6 4 9
4665 :4 6 6 5
4668 :4 6 6 8
4676 :4 6 7 6
4679 :4 6 7 9
4682 :4 6 8 2
4687 :4 6 8 7
4689 :4 6 8 9
4694 :4 6 9 4
4701 :4 7 0 1
4735 :4 7 3 5
4737 :4 7 3 7
4746 :4 7 4 6
4758 :4 7 5 8
4767 :4 7 6 7
4768 :4 7 6 8
4772 :4 7 7 2
4775 :4 7 7 5
4779 :4 7 7 9
4799 :4 7 9 9
4803 :4 8 0 3
4828 :4 8 2 8
4834 :4 8 3 4
4856 :4 8 5 6
4887 :4 8 8 7
4888 :4 8 8 8
4894 :4 8 9 4
4903 :4 9 0 3
4925 :4 9 2 5
4933 :4 9 3 3
4938 :4 9 3 8
4941 :4 9 4 1
4945 :4 9 4 5
4946 :4 9 4 6
4947 :4 9 4 7
4949 :4 9 4 9
4956 :4 9 5 6
4963 :4 9 6 3
4967 :4 9 6 7
4971 :4 9 7 1
4976 :4 9 7 6
4990 :4 9 9 0
5003 :5 0 0 3
5007 :5 0 0 7
5022 :5 0 2 2
5031 :5 0 3 1
5050 :5 0 5 0
5072 :5 0 7 2
5073 :5 0 7 3
5076 :5 0 7 6
5088 :5 0 8 8
5098 :5 0 9 8
5109 :5 1 0 9
5110 :5 1 1 0
5118 :5 1 1 8
5142 :5 1 4 2
5146 :5 1 4 6
5185 :5 1 8 5
5186 :5 1 8 6
5201 :5 2 0 1
5206 :5 2 0 6
5206 :5 2 0 6
5250 :5 2 5 0
5256 :5 2 5 6
5263 :5 2 6 3
5265 :5 2 6 5
5265 :5 2 6 5
5270 :5 2 7 0
5282 :5 2 8 2
5314 :5 3 1 4
5348 :5 3 4 8
5351 :5 3 5 1
5403 :5 4 0 3
5412 :5 4 1 2
5424 :5 4 2 4
5437 :5 4 3 7
5448 :5 4 4 8
5455 :5 4 5 5
5458 :5 4 5 8
5485 :5 4 8 5
5499 :5 4 9 9
5509 :5 5 0 9
5536 :5 5 3 6
5538 :5 5 3 8
5543 :5 5 4 3
5548 :5 5 4 8
5548 :5 5 4 8
5557 :5 5 5 7
5562 :5 5 6 2
5566 :5 5 6 6
5574 :5 5 7 4
5575 :5 5 7 5
5590 :5 5 9 0
5602 :5 6 0 2
5621 :5 6 2 1
5628 :5 6 2 8
5630 :5 6 3 0
5630 :5 6 3 0
5630 :5 6 3 0
5663 :5 6 6 3
5668 :5 6 6 8
5700 :5 7 0 0
5706 :5 7 0 6
5706 :5 7 0 6
5707 :5 7 0 7
5722 :5 7 2 2
5725 :5 7 2 5
5735 :5 7 3 5
5749 :5 7 4 9
5760 :5 7 6 0
5761 :5 7 6 1
5787 :5 7 8 7
5791 :5 7 9 1
5825 :5 8 2 5
5825 :5 8 2 5
5830 :5 8 3 0
5845 :5 8 4 5
5875 :5 8 7 5
5882 :5 8 8 2
5891 :5 8 9 1
5899 :5 8 9 9
5939 :5 9 3 9
5945 :5 9 4 5
5952 :5 9 5 2
5991 :5 9 9 1
5995 :5 9 9 5
5997 :5 9 9 7
5998 :5 9 9 8
6037 :6 0 3 7
6039 :6 0 3 9
6059 :6 0 5 9
6073 :6 0 7 3
6078 :6 0 7 8
6086 :6 0 8 6
6106 :6 1 0 6
6114 :6 1 1 4
6119 :6 1 1 9
6130 :6 1 3 0
6140 :6 1 4 0
6143 :6 1 4 3
6154 :6 1 5 4
6155 :6 1 5 5
6174 :6 1 7 4
6192 :6 1 9 2
6203 :6 2 0 3
6203 :6 2 0 3
6216 :6 2 1 6
6225 :6 2 2 5
6235 :6 2 3 5
6265 :6 2 6 5
6271 :6 2 7 1
6280 :6 2 8 0
6283 :6 2 8 3
6288 :6 2 8 8
6293 :6 2 9 3
6300 :6 3 0 0
6303 :6 3 0 3
6304 :6 3 0 4
6304 :6 3 0 4
6309 :6 3 0 9
6335 :6 3 3 5
6360 :6 3 6 0
6363 :6 3 6 3
6411 :6 4 1 1
6412 :6 4 1 2
6414 :6 4 1 4
6419 :6 4 1 9
6423 :6 4 2 3
6424 :6 4 2 4
6429 :6 4 2 9
6440 :6 4 4 0
6440 :6 4 4 0
6464 :6 4 6 4
6468 :6 4 6 8
6478 :6 4 7 8
6478 :6 4 7 8
6484 :6 4 8 4
6489 :6 4 8 9
6494 :6 4 9 4
6501 :6 5 0 1
6505 :6 5 0 5
6512 :6 5 1 2
6513 :6 5 1 3
6520 :6 5 2 0
6535 :6 5 3 5
6541 :6 5 4 1
6542 :6 5 4 2
6542 :6 5 4 2
6550 :6 5 5 0
6560 :6 5 6 0
6566 :6 5 6 6
6577 :6 5 7 7
6618 :6 6 1 8
6619 :6 6 1 9
6635 :6 6 3 5
6642 :6 6 4 2
6653 :6 6 5 3
6655 :6 6 5 5
6688 :6 6 8 8
6699 :6 6 9 9
6705 :6 7 0 5
6706 :6 7 0 6
6730 :6 7 3 0
6741 :6 7 4 1
6778 :6 7 7 8
6828 :6 8 2 8
6859 :6 8 5 9
6869 :6 8 6 9
6870 :6 8 7 0
6901 :6 9 0 1
6903 :6 9 0 3
6910 :6 9 1 0
6924 :6 9 2 4
6925 :6 9 2 5
6942 :6 9 4 2
6945 :6 9 4 5
6963 :6 9 6 3
6963 :6 9 6 3
6963 :6 9 6 3
6970 :6 9 7 0
6973 :6 9 7 3
7036 :7 0 3 6
7039 :7 0 3 9
7068 :7 0 6 8
7087 :7 0 8 7
7089 :7 0 8 9
7104 :7 1 0 4
7110 :7 1 1 0
7111 :7 1 1 1
7130 :7 1 3 0
7153 :7 1 5 3
7158 :7 1 5 8
7165 :7 1 6 5
7190 :7 1 9 0
7193 :7 1 9 3
7201 :7 2 0 1
7223 :7 2 2 3
7254 :7 2 5 4
7263 :7 2 6 3
7286 :7 2 8 6
7349 :7 3 4 9
7351 :7 3 5 1
7372 :7 3 7 2
7377 :7 3 7 7
7385 :7 3 8 5
7392 :7 3 9 2
7399 :7 3 9 9
7411 :7 4 1 1
7422 :7 4 2 2
7433 :7 4 3 3
7438 :7 4 3 8
7442 :7 4 4 2
7447 :7 4 4 7
7449 :7 4 4 9
7452 :7 4 5 2
7488 :7 4 8 8
7490 :7 4 9 0
7506 :7 5 0 6
7507 :7 5 0 7
7519 :7 5 1 9
7530 :7 5 3 0
7547 :7 5 4 7
7550 :7 5 5 0
7579 :7 5 7 9
7592 :7 5 9 2
7594 :7 5 9 4
7596 :7 5 9 6
7606 :7 6 0 6
7612 :7 6 1 2
7617 :7 6 1 7
7620 :7 6 2 0
7625 :7 6 2 5
7628 :7 6 2 8
7645 :7 6 4 5
7674 :7 6 7 4
7712 :7 7 1 2
7714 :7 7 1 4
7754 :7 7 5 4
7757 :7 7 5 7
7774 :7 7 7 4
7808 :7 8 0 8
7814 :7 8 1 4
7816 :7 8 1 6
7826 :7 8 2 6
7842 :7 8 4 2
7862 :7 8 6 2
7865 :7 8 6 5
7871 :7 8 7 1
7871 :7 8 7 1
7883 :7 8 8 3
7893 :7 8 9 3
7901 :7 9 0 1
7914 :7 9 1 4
7939 :7 9 3 9
7950 :7 9 5 0
7959 :7 9 5 9
7959 :7 9 5 9
7965 :7 9 6 5
7983 :7 9 8 3
8008 :8 0 0 8
8010 :8 0 1 0
8020 :8 0 2 0
8023 :8 0 2 3
8028 :8 0 2 8
8036 :8 0 3 6
8061 :8 0 6 1
8071 :8 0 7 1
8076 :8 0 7 6
8083 :8 0 8 3
8088 :8 0 8 8
8113 :8 1 1 3
8115 :8 1 1 5
8116 :8 1 1 6
8117 :8 1 1 7
8128 :8 1 2 8
8133 :8 1 3 3
8146 :8 1 4 6
8178 :8 1 7 8
8191 :8 1 9 1
8214 :8 2 1 4
8231 :8 2 3 1
8241 :8 2 4 1
8254 :8 2 5 4
8257 :8 2 5 7
8261 :8 2 6 1
8282 :8 2 8 2
8287 :8 2 8 7
8290 :8 2 9 0
8297 :8 2 9 7
8298 :8 2 9 8
8314 :8 3 1 4
8319 :8 3 1 9
8322 :8 3 2 2
8324 :8 3 2 4
8331 :8 3 3 1
8361 :8 3 6 1
8366 :8 3 6 6
8381 :8 3 8 1
8434 :8 4 3 4
8444 :8 4 4 4
8465 :8 4 6 5
8468 :8 4 6 8
8477 :8 4 7 7
8481 :8 4 8 1
8490 :8 4 9 0
8493 :8 4 9 3
8504 :8 5 0 4
8520 :8 5 2 0
8521 :8 5 2 1
8527 :8 5 2 7
8539 :8 5 3 9
8541 :8 5 4 1
8571 :8 5 7 1
8585 :8 5 8 5
8589 :8 5 8 9
8618 :8 6 1 8
8637 :8 6 3 7
8651 :8 6 5 1
8652 :8 6 5 2
8652 :8 6 5 2
8663 :8 6 6 3
8679 :8 6 7 9
8684 :8 6 8 4
8686 :8 6 8 6
8690 :8 6 9 0
8693 :8 6 9 3
8697 :8 6 9 7
8704 :8 7 0 4
8705 :8 7 0 5
8713 :8 7 1 3
8717 :8 7 1 7
8724 :8 7 2 4
8746 :8 7 4 6
8757 :8 7 5 7
8760 :8 7 6 0
8763 :8 7 6 3
8787 :8 7 8 7
8788 :8 7 8 8
8824 :8 8 2 4
8870 :8 8 7 0
8876 :8 8 7 6
8897 :8 8 9 7
8910 :8 9 1 0
8933 :8 9 3 3
8936 :8 9 3 6
8943 :8 9 4 3
8959 :8 9 5 9
9009 :9 0 0 9
9011 :9 0 1 1
9011 :9 0 1 1
9012 :9 0 1 2
9038 :9 0 3 8
9041 :9 0 4 1
9073 :9 0 7 3
9091 :9 0 9 1
9142 :9 1 4 2
9157 :9 1 5 7
9162 :9 1 6 2
9169 :9 1 6 9
9170 :9 1 7 0
9171 :9 1 7 1
9175 :9 1 7 5
9188 :9 1 8 8
9201 :9 2 0 1
9214 :9 2 1 4
9233 :9 2 3 3
9265 :9 2 6 5
9289 :9 2 8 9
9293 :9 2 9 3
9314 :9 3 1 4
9315 :9 3 1 5
9315 :9 3 1 5
9315 :9 3 1 5
9335 :9 3 3 5
9338 :9 3 3 8
9351 :9 3 5 1
9354 :9 3 5 4
9358 :9 3 5 8
9358 :9 3 5 8
9359 :9 3 5 9
9362 :9 3 6 2
9370 :9 3 7 0
9375 :9 3 7 5
9376 :9 3 7 6
9406 :9 4 0 6
9497 :9 4 9 7
9498 :9 4 9 8
9504 :9 5 0 4
9511 :9 5 1 1
9513 :9 5 1 3
9515 :9 5 1 5
9516 :9 5 1 6
9542 :9 5 4 2
9557 :9 5 5 7
9559 :9 5 5 9
9566 :9 5 6 6
9577 :9 5 7 7
9578 :9 5 7 8
9590 :9 5 9 0
9602 :9 6 0 2
9618 :9 6 1 8
9630 :9 6 3 0
9644 :9 6 4 4
9658 :9 6 5 8
9659 :9 6 5 9
9669 :9 6 6 9
9677 :9 6 7 7
9691 :9 6 9 1
9712 :9 7 1 2
9719 :9 7 1 9
9735 :9 7 3 5
9742 :9 7 4 2
9759 :9 7 5 9
9764 :9 7 6 4
9782 :9 7 8 2
9790 :9 7 9 0
9791 :9 7 9 1
9797 :9 7 9 7
9802 :9 8 0 2
9813 :9 8 1 3
9816 :9 8 1 6
9816 :9 8 1 6
9833 :9 8 3 3
9854 :9 8 5 4
9856 :9 8 5 6
9856 :9 8 5 6
9867 :9 8 6 7
9870 :9 8 7 0
9895 :9 8 9 5
9896 :9 8 9 6
9902 :9 9 0 2
9906 :9 9 0 6
9913 :9 9 1 3
9924 :9 9 2 4
9931 :9 9 3 1
9955 :9 9 5 5
9955 :9 9 5 5
9957 :9 9 5 7
9962 :9 9 6 2
9962 :9 9 6 2
9973 :9 9 7 3
9977 :9 9 7 7